0 0 0 0 0 0 0 0 0 0 0 0 0 0 0 0 0 0 0 0 0 0 0 0 0 120 120 0 0 0 0 0 0 0 0 0 0 0 0 0 0 0 0 0 0 0 0 0 0 0 0 0 0 0 0 120 120 0 0 0
0 0 0 0 0 0 0 0 0 0 0 0 0 0 0 0 0 0 0 0 0 0 0 0 120 185 120 0 0 0 0 0 0 0 0 0 0 0 0 0 0 0 0 0 0 0 0 0 0 0 0 0 0 0 120 185 120 0 0 0
0 0 0 0 0 0 0 0 0 0 0 0 0 0 0 0 0 0 0 0 0 0 0 0 120 185 165 120 0 0 0 0 0 0 0 0 0 0 0 0 0 0 0 0 0 0 0 0 0 0 0 0 0 0 120 185 165 120 0 0
0 0 0 0 0 0 0 0 0 0 0 0 0 0 0 0 0 0 0 0 0 0 0 0 120 185 165 120 0 0 0 0 0 0 0 0 0 0 0 0 0 0 0 0 0 0 0 0 0 0 0 0 0 0 120 185 165 120 0 0
0 0 0 0 0 0 0 0 0 0 0 0 0 0 0 0 0 0 0 0 0 0 0 120 185 185 165 120 0 0 0 0 0 0 0 0 0 0 0 0 0 0 0 0 0 0 0 0 0 0 0 0 0 120 185 185 165 120 0 0
0 0 0 0 0 0 0 0 0 0 0 0 0 0 0 0 0 0 0 0 0 0 120 185 185 185 165 120 0 0 0 0 0 0 0 0 0 0 0 0 0 0 0 0 0 0 0 0 0 0 0 0 120 185 185 185 165 120 0 0
0 0 0 0 0 0 0 0 0 0 120 120 120 120 120 120 120 120 0 0 0 120 185 185 185 185 135 120 0 0 0 0 0 0 0 0 0 0 0 0 120 120 120 120 120 120 120 120 0 0 0 120 185 185 185 185 135 120 0 0
0 0 0 0 0 0 0 0 0 120 185 185 185 185 185 165 165 165 120 120 120 185 185 185 185 165 135 120 0 0 0 0 0 0 0 0 0 0 0 120 185 185 185 185 185 165 165 165 120 120 120 185 185 185 185 165 135 120 0 0
0 0 0 0 0 0 0 0 0 120 185 185 185 185 185 185 185 165 165 165 165 165 185 185 165 165 120 120 120 120 0 0 0 0 0 0 0 0 0 120 185 185 185 185 185 185 185 165 165 165 165 165 185 185 165 165 120 120 120 120
0 0 0 0 0 0 0 0 120 185 185 185 80 80 120 225 185 185 185 120 120 120 120 120 120 165 165 165 205 120 0 0 0 0 0 0 0 0 120 185 185 185 185 80 80 225 185 185 185 120 120 120 120 120 120 165 165 165 205 120
0 0 0 0 0 0 0 0 120 185 185 185 80 80 120 120 185 185 185 210 210 185 185 165 120 165 185 165 135 120 0 0 0 0 0 0 0 0 120 185 185 185 185 80 80 120 185 185 185 210 210 185 185 185 120 165 185 165 135 120
0 0 0 0 0 0 0 0 120 185 185 185 80 80 120 120 185 185 185 185 185 185 185 225 120 185 185 165 225 120 0 0 0 0 0 0 0 0 120 185 185 185 185 80 80 120 185 185 185 185 185 185 185 225 120 185 185 165 225 120
0 0 0 0 0 0 0 0 120 210 185 185 185 185 185 185 185 185 185 185 185 185 120 120 165 185 185 135 120 0 0 0 0 0 0 0 0 0 120 210 185 185 185 185 185 185 185 185 185 185 185 185 120 120 165 185 185 135 120 0
0 0 0 0 0 0 0 0 120 210 185 185 185 185 185 185 185 185 135 205 225 225 225 185 185 185 120 120 120 120 0 0 0 0 0 0 0 0 120 210 185 185 185 185 185 185 185 185 135 205 225 225 225 185 185 185 120 120 120 120
0 0 0 0 0 0 0 0 120 210 185 185 80 80 120 120 185 185 120 205 120 225 120 225 185 185 120 135 135 120 0 0 0 0 0 0 0 0 120 210 185 185 185 80 80 120 185 185 120 205 120 225 120 225 185 185 120 135 135 120
0 0 0 0 0 0 0 0 120 210 210 185 80 80 120 120 185 185 120 205 120 205 120 225 185 185 165 165 135 120 0 0 0 0 0 0 0 0 120 210 210 185 185 80 80 120 185 185 120 205 120 205 120 225 185 185 165 165 135 120
0 0 0 0 0 0 0 0 0 120 210 185 185 185 185 185 185 185 120 205 120 205 120 205 120 185 165 165 205 120 0 0 0 0 0 0 0 0 0 120 210 185 185 185 185 185 185 185 120 205 120 205 120 205 120 185 165 165 205 120
0 0 0 0 0 0 0 0 0 0 120 120 120 120 185 185 185 185 120 120 120 120 120 120 120 120 120 120 120 0 0 0 0 0 0 0 0 0 0 0 120 120 120 120 185 185 185 185 120 120 120 120 120 120 120 120 120 120 120 0
0 0 0 0 0 0 0 0 0 0 0 0 0 0 120 185 185 185 120 0 0 0 0 0 0 0 0 0 0 0 0 0 0 0 0 0 0 0 0 0 0 0 0 0 120 185 185 185 120 0 0 0 0 0 0 0 0 0 0 0
0 0 0 0 0 0 0 0 0 0 0 0 0 0 0 120 120 120 0 0 0 0 0 0 0 0 0 0 0 0 0 0 0 0 0 0 0 0 0 0 0 0 0 0 0 120 120 120 0 0 0 0 0 0 0 0 0 0 0 0
0 0 0 0 0 0 0 0 0 0 0 0 0 0 0 0 0 0 0 0 0 0 0 120 120 0 0 0 0 0 0 0 0 0 0 0 0 0 0 0 0 0 0 0 0 0 0 0 0 0 0 0 0 0 0 120 120 0 0 0
0 0 0 0 0 0 0 0 0 0 0 0 0 0 0 0 0 0 0 0 0 0 0 120 185 120 0 0 0 0 0 0 0 0 0 0 0 0 0 0 0 0 0 0 0 0 0 0 0 0 0 0 0 0 120 185 120 0 0 0
0 0 0 0 0 0 0 0 0 0 0 0 0 0 0 0 0 0 0 0 0 0 120 185 185 120 0 0 0 0 0 0 0 0 0 0 0 0 0 0 0 0 0 0 0 0 0 0 0 0 0 0 0 0 120 185 165 120 0 0
0 0 0 0 0 0 0 0 0 0 0 0 0 0 0 0 0 0 0 0 0 0 120 185 185 120 0 0 0 0 0 0 0 0 0 0 0 0 0 0 0 0 0 0 0 0 0 0 0 0 0 0 0 0 120 185 165 120 0 0
0 0 0 0 0 0 0 0 0 0 0 0 0 0 0 0 0 0 0 0 0 0 120 185 185 165 120 0 0 0 0 0 0 0 0 0 0 0 0 0 0 0 0 0 0 0 0 0 0 0 0 0 0 120 185 185 165 120 0 0
0 0 0 0 0 0 0 0 0 0 0 0 0 0 0 0 0 0 0 0 0 120 185 185 185 165 120 0 0 0 0 0 0 0 0 0 0 0 0 0 0 0 0 0 0 0 0 0 0 0 0 0 120 185 185 185 165 120 0 0
0 0 0 0 0 0 0 0 0 0 120 120 120 120 120 120 120 120 0 0 120 165 165 185 185 135 120 120 120 0 0 0 0 0 0 0 0 0 0 0 120 120 120 120 120 120 120 120 0 0 0 120 185 185 185 185 135 120 0 0
0 0 0 0 0 0 0 0 0 120 185 185 185 185 185 165 165 165 120 120 165 165 120 120 165 135 120 165 205 120 0 0 0 0 0 0 0 0 0 120 185 185 185 185 185 165 165 165 120 120 120 185 185 185 185 165 135 120 0 0
0 0 0 0 0 0 0 0 0 120 185 185 185 185 185 185 185 165 165 165 120 120 185 225 120 165 165 165 165 120 0 0 0 0 0 0 0 0 0 120 185 185 185 185 225 185 185 165 165 165 165 165 185 185 165 165 120 120 120 120
0 0 0 0 0 0 0 0 120 185 185 185 80 80 120 225 185 185 185 120 210 185 185 165 120 185 185 165 165 120 0 0 0 0 0 0 0 0 120 185 185 185 185 185 80 185 185 185 185 120 120 120 120 120 120 165 165 165 205 120
0 0 0 0 0 0 0 0 120 185 185 185 80 80 120 120 185 185 185 210 185 185 185 120 120 185 185 165 120 0 0 0 0 0 0 0 0 0 120 185 185 185 185 185 80 185 185 185 185 210 210 185 185 185 120 165 185 165 135 120
0 0 0 0 0 0 0 0 120 185 185 185 80 80 120 120 185 185 185 210 185 185 120 165 185 185 185 135 120 0 0 0 0 0 0 0 0 0 120 185 185 185 185 185 80 185 185 185 185 185 185 185 185 225 120 185 185 165 225 120
0 0 0 0 0 0 0 0 120 210 185 185 185 185 185 185 185 185 185 185 185 185 185 185 185 185 120 120 120 0 0 0 0 0 0 0 0 0 120 210 185 185 185 185 185 185 185 185 185 185 185 185 120 120 165 185 185 135 120 0
0 0 0 0 0 0 0 0 120 210 185 185 185 185 185 185 185 185 135 205 225 225 225 185 185 185 120 135 120 0 0 0 0 0 0 0 0 0 120 210 185 185 185 185 185 185 185 185 135 205 225 225 225 185 185 185 120 120 120 120
0 0 0 0 0 0 0 0 120 210 185 185 80 80 120 120 185 185 120 205 120 225 120 225 185 185 165 135 135 120 0 0 0 0 0 0 0 0 120 210 185 185 185 185 80 185 185 185 120 205 120 225 120 225 185 185 120 135 135 120
0 0 0 0 0 0 0 0 120 210 210 185 80 80 120 120 185 185 120 205 120 205 120 225 185 185 165 165 205 120 0 0 0 0 0 0 0 0 120 210 210 185 185 185 80 185 185 185 120 205 120 205 120 225 185 185 165 165 135 120
0 0 0 0 0 0 0 0 0 120 210 185 185 185 185 185 185 185 120 205 120 205 120 205 120 185 185 165 135 120 0 0 0 0 0 0 0 0 0 120 210 185 185 185 80 185 185 185 120 205 120 205 120 205 120 185 165 165 205 120
0 0 0 0 0 0 0 0 0 0 120 120 120 120 185 185 185 185 120 120 120 120 120 120 120 185 185 165 225 120 0 0 0 0 0 0 0 0 0 0 120 120 120 120 185 185 185 185 120 120 120 120 120 120 120 120 120 120 120 0
0 0 0 0 0 0 0 0 0 0 0 0 0 0 120 185 185 185 120 0 0 0 0 0 0 120 120 120 120 0 0 0 0 0 0 0 0 0 0 0 0 0 0 0 120 185 185 185 120 0 0 0 0 0 0 0 0 0 0 0
0 0 0 0 0 0 0 0 0 0 0 0 0 0 0 120 120 120 0 0 0 0 0 0 0 0 0 0 0 0 0 0 0 0 0 0 0 0 0 0 0 0 0 0 0 120 120 120 0 0 0 0 0 0 0 0 0 0 0 0
0 0 0 0 0 0 0 0 0 0 0 0 0 0 0 0 0 0 0 0 0 0 0 0 0 120 120 0 0 0 0 0 0 0 0 0 0 0 0 0 0 0 0 0 0 0 0 0 0 0 0 0 0 0 0 0 0 0 0 0
0 0 0 0 0 0 0 0 0 0 0 0 0 0 0 0 0 0 0 0 0 0 0 0 120 185 120 0 0 0 0 0 0 0 0 0 0 0 0 0 0 0 0 0 0 0 0 0 0 0 0 0 0 0 0 0 0 0 0 0
0 0 0 0 0 0 0 0 0 0 0 0 0 0 0 0 0 0 0 0 0 0 0 0 120 185 165 120 0 0 0 0 0 0 0 0 0 0 0 0 0 0 0 0 0 0 0 0 0 0 0 0 0 0 0 0 0 0 0 0
0 0 0 0 0 0 0 0 0 0 0 0 0 0 0 0 0 0 0 0 0 0 0 0 120 185 165 120 0 0 0 0 0 0 0 0 0 0 0 0 0 0 0 0 0 0 0 0 0 0 0 0 0 0 0 0 0 0 0 0
0 0 0 0 0 0 0 0 0 0 0 0 0 0 0 0 0 0 0 0 0 0 0 120 185 185 165 120 0 0 0 0 0 0 0 0 0 0 0 0 0 0 0 0 0 0 0 0 0 0 0 0 0 0 0 0 0 0 0 0
0 0 0 0 0 0 0 0 0 0 0 0 0 0 0 0 0 0 0 0 0 0 120 185 185 185 165 120 0 0 0 0 0 0 0 0 0 0 0 0 0 0 0 0 0 0 0 0 0 0 0 0 0 0 0 0 0 0 0 0
0 0 0 0 0 0 0 0 0 0 120 120 120 120 120 120 120 120 0 0 0 120 185 185 185 185 135 120 0 0 0 0 0 0 0 0 0 0 0 0 0 0 0 0 0 0 0 0 0 0 0 0 0 0 0 0 0 0 0 0
0 0 0 0 0 0 0 0 0 120 185 185 185 185 185 165 165 165 120 120 120 165 185 185 185 165 135 120 0 0 0 0 0 0 0 0 0 0 0 0 0 0 0 0 0 0 0 0 0 0 0 0 0 0 0 0 0 0 0 0
0 0 0 0 0 0 0 0 0 120 185 185 185 185 185 185 185 165 165 165 165 165 165 165 165 165 120 120 0 0 0 0 0 0 0 0 0 0 0 0 0 0 0 0 0 0 0 0 0 0 0 0 0 0 0 0 0 0 0 0
0 0 0 0 0 0 0 0 120 185 185 185 80 80 120 225 185 185 185 120 120 120 120 120 120 165 165 120 120 0 0 0 0 0 0 0 0 0 0 0 0 0 0 0 0 0 0 0 0 0 0 0 0 0 0 0 0 0 0 0
0 0 0 0 0 0 0 0 120 185 185 185 80 80 120 120 185 185 185 210 210 185 185 185 120 165 165 165 120 0 0 0 0 0 0 0 0 0 0 0 0 0 0 0 0 0 0 0 0 0 0 0 0 0 0 0 0 0 0 0
0 0 0 0 0 0 0 0 120 185 185 185 80 80 120 120 185 185 185 185 185 185 185 225 120 185 165 165 225 120 0 0 0 0 0 0 0 0 0 0 0 0 0 0 0 0 0 0 0 0 0 0 0 0 0 0 0 0 0 0
0 0 0 0 0 0 0 0 120 210 185 185 185 185 185 185 185 185 185 185 185 185 120 120 185 185 165 165 135 120 0 0 0 0 0 0 0 0 0 0 0 0 0 0 0 0 0 0 0 0 0 0 0 0 0 0 0 0 0 0
0 0 0 0 0 0 0 0 120 210 185 185 185 185 185 185 185 185 135 205 225 225 225 185 185 185 165 135 225 120 0 0 0 0 0 0 0 0 0 0 0 0 0 0 0 0 0 0 0 0 0 0 0 0 0 0 0 0 0 0
0 0 0 0 0 0 0 0 120 210 185 185 80 80 120 120 185 185 120 205 120 225 120 225 185 185 120 120 120 120 0 0 0 0 0 0 0 0 0 0 0 0 0 0 0 0 0 0 0 0 0 0 0 0 0 0 0 0 0 0
0 0 0 0 0 0 0 0 120 210 210 185 80 80 120 120 185 185 120 205 120 205 120 225 185 185 120 135 205 120 0 0 0 0 0 0 0 0 0 0 0 0 0 0 0 0 0 0 0 0 0 0 0 0 0 0 0 0 0 0
0 0 0 0 0 0 0 0 0 120 210 185 185 185 185 185 185 185 120 205 120 205 120 205 120 185 165 165 120 0 0 0 0 0 0 0 0 0 0 0 0 0 0 0 0 0 0 0 0 0 0 0 0 0 0 0 0 0 0 0
0 0 0 0 0 0 0 0 0 0 120 120 120 120 185 185 185 185 120 120 120 120 120 120 120 120 120 120 0 0 0 0 0 0 0 0 0 0 0 0 0 0 0 0 0 0 0 0 0 0 0 0 0 0 0 0 0 0 0 0
0 0 0 0 0 0 0 0 0 0 0 0 0 0 120 185 185 185 120 0 0 0 0 0 0 0 0 0 0 0 0 0 0 0 0 0 0 0 0 0 0 0 0 0 0 0 0 0 0 0 0 0 0 0 0 0 0 0 0 0
0 0 0 0 0 0 0 0 0 0 0 0 0 0 0 120 120 120 0 0 0 0 0 0 0 0 0 0 0 0 0 0 0 0 0 0 0 0 0 0 0 0 0 0 0 0 0 0 0 0 0 0 0 0 0 0 0 0 0 0
0 0 0 0 0 0 0 0 0 0 0 0 0 0 0 0 0 0 0 0 0 0 0 0 0 120 120 0 0 0 0 0 0 0 0 0 0 0 0 0 0 0 0 0 0 0 0 0 0 0 0 0 0 0 0 0 0 0 0 0
0 0 0 0 0 0 0 0 0 0 0 0 0 0 0 0 0 0 0 0 0 0 0 0 120 185 120 0 0 0 0 0 0 0 0 0 0 0 0 0 0 0 0 0 0 0 0 0 0 0 0 0 0 0 0 0 0 0 0 0
0 0 0 0 0 0 0 0 0 0 0 0 0 0 0 0 0 0 0 0 0 0 0 0 120 185 165 120 0 0 0 0 0 0 0 0 0 0 0 0 0 0 0 0 0 0 0 0 0 0 0 0 0 0 0 0 0 0 0 0
0 0 0 0 0 0 0 0 0 0 0 0 0 0 0 0 0 0 0 0 0 0 0 0 120 185 165 120 0 0 0 0 0 0 0 0 0 0 0 0 0 0 0 0 0 0 0 0 0 0 0 0 0 0 0 0 0 0 0 0
0 0 0 0 0 0 0 0 0 0 0 0 0 0 0 0 0 0 0 0 0 0 0 120 185 185 165 120 0 0 0 0 0 0 0 0 0 0 0 0 0 0 0 0 0 0 0 0 0 0 0 0 0 0 0 0 0 0 0 0
0 0 0 0 0 0 0 0 0 0 0 0 0 0 0 0 0 0 0 0 0 0 120 185 185 185 135 120 0 0 0 0 0 0 0 0 0 0 0 0 0 0 0 0 0 0 0 0 0 0 0 0 0 0 0 0 0 0 0 0
0 0 0 0 0 0 0 0 0 0 120 120 120 120 120 120 120 120 0 0 0 120 185 185 185 165 135 120 0 0 0 0 0 0 0 0 0 0 0 0 0 0 0 0 0 0 0 0 0 0 0 0 0 0 0 0 0 0 0 0
0 0 0 0 0 0 0 0 0 120 185 185 185 185 185 165 165 165 120 120 120 185 185 185 185 165 135 120 120 0 0 0 0 0 0 0 0 0 0 0 0 0 0 0 0 0 0 0 0 0 0 0 0 0 0 0 0 0 0 0
0 0 0 0 0 0 0 0 0 120 185 185 185 185 185 185 185 165 165 165 165 165 185 185 165 165 120 135 205 120 0 0 0 0 0 0 0 0 0 0 0 0 0 0 0 0 0 0 0 0 0 0 0 0 0 0 0 0 0 0
0 0 0 0 0 0 0 0 120 185 185 185 80 80 120 225 185 185 185 120 120 120 120 120 165 165 165 135 135 120 0 0 0 0 0 0 0 0 0 0 0 0 0 0 0 0 0 0 0 0 0 0 0 0 0 0 0 0 0 0
0 0 0 0 0 0 0 0 120 185 185 185 80 80 120 120 185 185 185 210 210 185 185 165 120 165 165 135 205 120 0 0 0 0 0 0 0 0 0 0 0 0 0 0 0 0 0 0 0 0 0 0 0 0 0 0 0 0 0 0
0 0 0 0 0 0 0 0 120 185 185 185 80 80 120 120 185 185 185 185 185 185 185 225 120 185 165 165 120 0 0 0 0 0 0 0 0 0 0 0 0 0 0 0 0 0 0 0 0 0 0 0 0 0 0 0 0 0 0 0
0 0 0 0 0 0 0 0 120 210 185 185 185 185 185 185 185 185 185 185 185 185 120 120 120 185 165 165 120 0 0 0 0 0 0 0 0 0 0 0 0 0 0 0 0 0 0 0 0 0 0 0 0 0 0 0 0 0 0 0
0 0 0 0 0 0 0 0 120 210 185 185 185 185 185 185 185 185 135 205 225 225 225 185 185 185 120 120 120 0 0 0 0 0 0 0 0 0 0 0 0 0 0 0 0 0 0 0 0 0 0 0 0 0 0 0 0 0 0 0
0 0 0 0 0 0 0 0 120 210 185 185 80 80 120 120 185 185 120 205 120 225 120 225 185 185 120 135 120 120 0 0 0 0 0 0 0 0 0 0 0 0 0 0 0 0 0 0 0 0 0 0 0 0 0 0 0 0 0 0
0 0 0 0 0 0 0 0 120 210 210 185 80 80 120 120 185 185 120 205 120 205 120 225 185 185 165 165 135 120 0 0 0 0 0 0 0 0 0 0 0 0 0 0 0 0 0 0 0 0 0 0 0 0 0 0 0 0 0 0
0 0 0 0 0 0 0 0 0 120 210 185 185 185 185 185 185 185 120 205 120 205 120 205 120 185 165 165 135 120 0 0 0 0 0 0 0 0 0 0 0 0 0 0 0 0 0 0 0 0 0 0 0 0 0 0 0 0 0 0
0 0 0 0 0 0 0 0 0 0 120 120 120 120 185 185 185 185 120 120 120 120 120 120 120 120 185 165 225 120 0 0 0 0 0 0 0 0 0 0 0 0 0 0 0 0 0 0 0 0 0 0 0 0 0 0 0 0 0 0
0 0 0 0 0 0 0 0 0 0 0 0 0 0 120 185 185 185 120 0 0 0 0 0 0 0 120 120 120 120 0 0 0 0 0 0 0 0 0 0 0 0 0 0 0 0 0 0 0 0 0 0 0 0 0 0 0 0 0 0
0 0 0 0 0 0 0 0 0 0 0 0 0 0 0 120 120 120 0 0 0 0 0 0 0 0 0 0 0 0 0 0 0 0 0 0 0 0 0 0 0 0 0 0 0 0 0 0 0 0 0 0 0 0 0 0 0 0 0 0
