0 0 0 0 0 0 0 0 0 0 0 0 0 0 0 0 0 0 0 0 0 0 0 0 0 90 90 0 0 0 0 0 0 0 0 0 0 0 0 0 0 0 0 0 0 0 0 0 0 0 0 0 0 0 0 90 90 0 0 0
0 0 0 0 0 0 0 0 0 0 0 0 0 0 0 0 0 0 0 0 0 0 0 0 90 215 90 0 0 0 0 0 0 0 0 0 0 0 0 0 0 0 0 0 0 0 0 0 0 0 0 0 0 0 90 215 90 0 0 0
0 0 0 0 0 0 0 0 0 0 0 0 0 0 0 0 0 0 0 0 0 0 0 0 90 215 195 90 0 0 0 0 0 0 0 0 0 0 0 0 0 0 0 0 0 0 0 0 0 0 0 0 0 0 90 215 195 90 0 0
0 0 0 0 0 0 0 0 0 0 0 0 0 0 0 0 0 0 0 0 0 0 0 0 90 215 195 90 0 0 0 0 0 0 0 0 0 0 0 0 0 0 0 0 0 0 0 0 0 0 0 0 0 0 90 215 195 90 0 0
0 0 0 0 0 0 0 0 0 0 0 0 0 0 0 0 0 0 0 0 0 0 0 90 215 215 195 90 0 0 0 0 0 0 0 0 0 0 0 0 0 0 0 0 0 0 0 0 0 0 0 0 0 90 215 215 195 90 0 0
0 0 0 0 0 0 0 0 0 0 0 0 0 0 0 0 0 0 0 0 0 0 90 215 215 215 195 90 0 0 0 0 0 0 0 0 0 0 0 0 0 0 0 0 0 0 0 0 0 0 0 0 90 215 215 215 195 90 0 0
0 0 0 0 0 0 0 0 0 0 90 90 90 90 90 90 90 90 0 0 0 90 215 215 215 215 165 90 0 0 0 0 0 0 0 0 0 0 0 0 90 90 90 90 90 90 90 90 0 0 0 90 215 215 215 215 165 90 0 0
0 0 0 0 0 0 0 0 0 90 215 215 215 215 215 195 195 195 90 90 90 215 215 215 215 195 165 90 0 0 0 0 0 0 0 0 0 0 0 90 215 215 215 215 215 195 195 195 90 90 90 215 215 215 215 195 165 90 0 0
0 0 0 0 0 0 0 0 0 90 215 215 215 215 215 215 215 195 195 195 195 195 215 215 195 195 90 90 90 90 0 0 0 0 0 0 0 0 0 90 215 215 215 215 215 215 215 195 195 195 195 195 215 215 195 195 90 90 90 90
0 0 0 0 0 0 0 0 90 215 215 215 50 50 90 225 215 215 215 90 90 90 90 90 90 195 195 195 205 90 0 0 0 0 0 0 0 0 90 215 215 215 215 50 50 225 215 215 215 90 90 90 90 90 90 195 195 195 205 90
0 0 0 0 0 0 0 0 90 215 215 215 50 50 90 90 215 215 215 225 225 215 215 195 90 195 215 195 165 90 0 0 0 0 0 0 0 0 90 215 215 215 215 50 50 90 215 215 215 225 225 215 215 215 90 195 215 195 165 90
0 0 0 0 0 0 0 0 90 215 215 215 50 50 90 90 215 215 215 215 215 215 215 225 90 215 215 195 225 90 0 0 0 0 0 0 0 0 90 215 215 215 215 50 50 90 215 215 215 215 215 215 215 225 90 215 215 195 225 90
0 0 0 0 0 0 0 0 90 225 215 215 215 215 215 215 215 215 215 215 215 215 90 90 195 215 215 165 90 0 0 0 0 0 0 0 0 0 90 225 215 215 215 215 215 215 215 215 215 215 215 215 90 90 195 215 215 165 90 0
0 0 0 0 0 0 0 0 90 225 215 215 215 215 215 215 215 215 165 205 225 225 225 215 215 215 90 90 90 90 0 0 0 0 0 0 0 0 90 225 215 215 215 215 215 215 215 215 165 205 225 225 225 215 215 215 90 90 90 90
0 0 0 0 0 0 0 0 90 225 215 215 50 50 90 90 215 215 90 205 90 225 90 225 215 215 90 165 165 90 0 0 0 0 0 0 0 0 90 225 215 215 215 50 50 90 215 215 90 205 90 225 90 225 215 215 90 165 165 90
0 0 0 0 0 0 0 0 90 225 225 215 50 50 90 90 215 215 90 205 90 205 90 225 215 215 195 195 165 90 0 0 0 0 0 0 0 0 90 225 225 215 215 50 50 90 215 215 90 205 90 205 90 225 215 215 195 195 165 90
0 0 0 0 0 0 0 0 0 90 225 215 215 215 215 215 215 215 90 205 90 205 90 205 90 215 195 195 205 90 0 0 0 0 0 0 0 0 0 90 225 215 215 215 215 215 215 215 90 205 90 205 90 205 90 215 195 195 205 90
0 0 0 0 0 0 0 0 0 0 90 90 90 90 215 215 215 215 90 90 90 90 90 90 90 90 90 90 90 0 0 0 0 0 0 0 0 0 0 0 90 90 90 90 215 215 215 215 90 90 90 90 90 90 90 90 90 90 90 0
0 0 0 0 0 0 0 0 0 0 0 0 0 0 90 215 215 215 90 0 0 0 0 0 0 0 0 0 0 0 0 0 0 0 0 0 0 0 0 0 0 0 0 0 90 215 215 215 90 0 0 0 0 0 0 0 0 0 0 0
0 0 0 0 0 0 0 0 0 0 0 0 0 0 0 90 90 90 0 0 0 0 0 0 0 0 0 0 0 0 0 0 0 0 0 0 0 0 0 0 0 0 0 0 0 90 90 90 0 0 0 0 0 0 0 0 0 0 0 0
0 0 0 0 0 0 0 0 0 0 0 0 0 0 0 0 0 0 0 0 0 0 0 90 90 0 0 0 0 0 0 0 0 0 0 0 0 0 0 0 0 0 0 0 0 0 0 0 0 0 0 0 0 0 0 90 90 0 0 0
0 0 0 0 0 0 0 0 0 0 0 0 0 0 0 0 0 0 0 0 0 0 0 90 215 90 0 0 0 0 0 0 0 0 0 0 0 0 0 0 0 0 0 0 0 0 0 0 0 0 0 0 0 0 90 215 90 0 0 0
0 0 0 0 0 0 0 0 0 0 0 0 0 0 0 0 0 0 0 0 0 0 90 215 215 90 0 0 0 0 0 0 0 0 0 0 0 0 0 0 0 0 0 0 0 0 0 0 0 0 0 0 0 0 90 215 195 90 0 0
0 0 0 0 0 0 0 0 0 0 0 0 0 0 0 0 0 0 0 0 0 0 90 215 215 90 0 0 0 0 0 0 0 0 0 0 0 0 0 0 0 0 0 0 0 0 0 0 0 0 0 0 0 0 90 215 195 90 0 0
0 0 0 0 0 0 0 0 0 0 0 0 0 0 0 0 0 0 0 0 0 0 90 215 215 195 90 0 0 0 0 0 0 0 0 0 0 0 0 0 0 0 0 0 0 0 0 0 0 0 0 0 0 90 215 215 195 90 0 0
0 0 0 0 0 0 0 0 0 0 0 0 0 0 0 0 0 0 0 0 0 90 215 215 215 195 90 0 0 0 0 0 0 0 0 0 0 0 0 0 0 0 0 0 0 0 0 0 0 0 0 0 90 215 215 215 195 90 0 0
0 0 0 0 0 0 0 0 0 0 90 90 90 90 90 90 90 90 0 0 90 195 195 215 215 165 90 90 90 0 0 0 0 0 0 0 0 0 0 0 90 90 90 90 90 90 90 90 0 0 0 90 215 215 215 215 165 90 0 0
0 0 0 0 0 0 0 0 0 90 215 215 215 215 215 195 195 195 90 90 195 195 90 90 195 165 90 195 205 90 0 0 0 0 0 0 0 0 0 90 215 215 215 215 215 195 195 195 90 90 90 215 215 215 215 195 165 90 0 0
0 0 0 0 0 0 0 0 0 90 215 215 215 215 215 215 215 195 195 195 90 90 215 225 90 195 195 195 195 90 0 0 0 0 0 0 0 0 0 90 215 215 215 215 225 215 215 195 195 195 195 195 215 215 195 195 90 90 90 90
0 0 0 0 0 0 0 0 90 215 215 215 50 50 90 225 215 215 215 90 225 215 215 195 90 215 215 195 195 90 0 0 0 0 0 0 0 0 90 215 215 215 215 215 50 215 215 215 215 90 90 90 90 90 90 195 195 195 205 90
0 0 0 0 0 0 0 0 90 215 215 215 50 50 90 90 215 215 215 225 215 215 215 90 90 215 215 195 90 0 0 0 0 0 0 0 0 0 90 215 215 215 215 215 50 215 215 215 215 225 225 215 215 215 90 195 215 195 165 90
0 0 0 0 0 0 0 0 90 215 215 215 50 50 90 90 215 215 215 225 215 215 90 195 215 215 215 165 90 0 0 0 0 0 0 0 0 0 90 215 215 215 215 215 50 215 215 215 215 215 215 215 215 225 90 215 215 195 225 90
0 0 0 0 0 0 0 0 90 225 215 215 215 215 215 215 215 215 215 215 215 215 215 215 215 215 90 90 90 0 0 0 0 0 0 0 0 0 90 225 215 215 215 215 215 215 215 215 215 215 215 215 90 90 195 215 215 165 90 0
0 0 0 0 0 0 0 0 90 225 215 215 215 215 215 215 215 215 165 205 225 225 225 215 215 215 90 165 90 0 0 0 0 0 0 0 0 0 90 225 215 215 215 215 215 215 215 215 165 205 225 225 225 215 215 215 90 90 90 90
0 0 0 0 0 0 0 0 90 225 215 215 50 50 90 90 215 215 90 205 90 225 90 225 215 215 195 165 165 90 0 0 0 0 0 0 0 0 90 225 215 215 215 215 50 215 215 215 90 205 90 225 90 225 215 215 90 165 165 90
0 0 0 0 0 0 0 0 90 225 225 215 50 50 90 90 215 215 90 205 90 205 90 225 215 215 195 195 205 90 0 0 0 0 0 0 0 0 90 225 225 215 215 215 50 215 215 215 90 205 90 205 90 225 215 215 195 195 165 90
0 0 0 0 0 0 0 0 0 90 225 215 215 215 215 215 215 215 90 205 90 205 90 205 90 215 215 195 165 90 0 0 0 0 0 0 0 0 0 90 225 215 215 215 50 215 215 215 90 205 90 205 90 205 90 215 195 195 205 90
0 0 0 0 0 0 0 0 0 0 90 90 90 90 215 215 215 215 90 90 90 90 90 90 90 215 215 195 225 90 0 0 0 0 0 0 0 0 0 0 90 90 90 90 215 215 215 215 90 90 90 90 90 90 90 90 90 90 90 0
0 0 0 0 0 0 0 0 0 0 0 0 0 0 90 215 215 215 90 0 0 0 0 0 0 90 90 90 90 0 0 0 0 0 0 0 0 0 0 0 0 0 0 0 90 215 215 215 90 0 0 0 0 0 0 0 0 0 0 0
0 0 0 0 0 0 0 0 0 0 0 0 0 0 0 90 90 90 0 0 0 0 0 0 0 0 0 0 0 0 0 0 0 0 0 0 0 0 0 0 0 0 0 0 0 90 90 90 0 0 0 0 0 0 0 0 0 0 0 0
0 0 0 0 0 0 0 0 0 0 0 0 0 0 0 0 0 0 0 0 0 0 0 0 0 90 90 0 0 0 0 0 0 0 0 0 0 0 0 0 0 0 0 0 0 0 0 0 0 0 0 0 0 0 0 0 0 0 0 0
0 0 0 0 0 0 0 0 0 0 0 0 0 0 0 0 0 0 0 0 0 0 0 0 90 215 90 0 0 0 0 0 0 0 0 0 0 0 0 0 0 0 0 0 0 0 0 0 0 0 0 0 0 0 0 0 0 0 0 0
0 0 0 0 0 0 0 0 0 0 0 0 0 0 0 0 0 0 0 0 0 0 0 0 90 215 195 90 0 0 0 0 0 0 0 0 0 0 0 0 0 0 0 0 0 0 0 0 0 0 0 0 0 0 0 0 0 0 0 0
0 0 0 0 0 0 0 0 0 0 0 0 0 0 0 0 0 0 0 0 0 0 0 0 90 215 195 90 0 0 0 0 0 0 0 0 0 0 0 0 0 0 0 0 0 0 0 0 0 0 0 0 0 0 0 0 0 0 0 0
0 0 0 0 0 0 0 0 0 0 0 0 0 0 0 0 0 0 0 0 0 0 0 90 215 215 195 90 0 0 0 0 0 0 0 0 0 0 0 0 0 0 0 0 0 0 0 0 0 0 0 0 0 0 0 0 0 0 0 0
0 0 0 0 0 0 0 0 0 0 0 0 0 0 0 0 0 0 0 0 0 0 90 215 215 215 195 90 0 0 0 0 0 0 0 0 0 0 0 0 0 0 0 0 0 0 0 0 0 0 0 0 0 0 0 0 0 0 0 0
0 0 0 0 0 0 0 0 0 0 90 90 90 90 90 90 90 90 0 0 0 90 215 215 215 215 165 90 0 0 0 0 0 0 0 0 0 0 0 0 0 0 0 0 0 0 0 0 0 0 0 0 0 0 0 0 0 0 0 0
0 0 0 0 0 0 0 0 0 90 215 215 215 215 215 195 195 195 90 90 90 195 215 215 215 195 165 90 0 0 0 0 0 0 0 0 0 0 0 0 0 0 0 0 0 0 0 0 0 0 0 0 0 0 0 0 0 0 0 0
0 0 0 0 0 0 0 0 0 90 215 215 215 215 215 215 215 195 195 195 195 195 195 195 195 195 90 90 0 0 0 0 0 0 0 0 0 0 0 0 0 0 0 0 0 0 0 0 0 0 0 0 0 0 0 0 0 0 0 0
0 0 0 0 0 0 0 0 90 215 215 215 50 50 90 225 215 215 215 90 90 90 90 90 90 195 195 90 90 0 0 0 0 0 0 0 0 0 0 0 0 0 0 0 0 0 0 0 0 0 0 0 0 0 0 0 0 0 0 0
0 0 0 0 0 0 0 0 90 215 215 215 50 50 90 90 215 215 215 225 225 215 215 215 90 195 195 195 90 0 0 0 0 0 0 0 0 0 0 0 0 0 0 0 0 0 0 0 0 0 0 0 0 0 0 0 0 0 0 0
0 0 0 0 0 0 0 0 90 215 215 215 50 50 90 90 215 215 215 215 215 215 215 225 90 215 195 195 225 90 0 0 0 0 0 0 0 0 0 0 0 0 0 0 0 0 0 0 0 0 0 0 0 0 0 0 0 0 0 0
0 0 0 0 0 0 0 0 90 225 215 215 215 215 215 215 215 215 215 215 215 215 90 90 215 215 195 195 165 90 0 0 0 0 0 0 0 0 0 0 0 0 0 0 0 0 0 0 0 0 0 0 0 0 0 0 0 0 0 0
0 0 0 0 0 0 0 0 90 225 215 215 215 215 215 215 215 215 165 205 225 225 225 215 215 215 195 165 225 90 0 0 0 0 0 0 0 0 0 0 0 0 0 0 0 0 0 0 0 0 0 0 0 0 0 0 0 0 0 0
0 0 0 0 0 0 0 0 90 225 215 215 50 50 90 90 215 215 90 205 90 225 90 225 215 215 90 90 90 90 0 0 0 0 0 0 0 0 0 0 0 0 0 0 0 0 0 0 0 0 0 0 0 0 0 0 0 0 0 0
0 0 0 0 0 0 0 0 90 225 225 215 50 50 90 90 215 215 90 205 90 205 90 225 215 215 90 165 205 90 0 0 0 0 0 0 0 0 0 0 0 0 0 0 0 0 0 0 0 0 0 0 0 0 0 0 0 0 0 0
0 0 0 0 0 0 0 0 0 90 225 215 215 215 215 215 215 215 90 205 90 205 90 205 90 215 195 195 90 0 0 0 0 0 0 0 0 0 0 0 0 0 0 0 0 0 0 0 0 0 0 0 0 0 0 0 0 0 0 0
0 0 0 0 0 0 0 0 0 0 90 90 90 90 215 215 215 215 90 90 90 90 90 90 90 90 90 90 0 0 0 0 0 0 0 0 0 0 0 0 0 0 0 0 0 0 0 0 0 0 0 0 0 0 0 0 0 0 0 0
0 0 0 0 0 0 0 0 0 0 0 0 0 0 90 215 215 215 90 0 0 0 0 0 0 0 0 0 0 0 0 0 0 0 0 0 0 0 0 0 0 0 0 0 0 0 0 0 0 0 0 0 0 0 0 0 0 0 0 0
0 0 0 0 0 0 0 0 0 0 0 0 0 0 0 90 90 90 0 0 0 0 0 0 0 0 0 0 0 0 0 0 0 0 0 0 0 0 0 0 0 0 0 0 0 0 0 0 0 0 0 0 0 0 0 0 0 0 0 0
0 0 0 0 0 0 0 0 0 0 0 0 0 0 0 0 0 0 0 0 0 0 0 0 0 90 90 0 0 0 0 0 0 0 0 0 0 0 0 0 0 0 0 0 0 0 0 0 0 0 0 0 0 0 0 0 0 0 0 0
0 0 0 0 0 0 0 0 0 0 0 0 0 0 0 0 0 0 0 0 0 0 0 0 90 215 90 0 0 0 0 0 0 0 0 0 0 0 0 0 0 0 0 0 0 0 0 0 0 0 0 0 0 0 0 0 0 0 0 0
0 0 0 0 0 0 0 0 0 0 0 0 0 0 0 0 0 0 0 0 0 0 0 0 90 215 195 90 0 0 0 0 0 0 0 0 0 0 0 0 0 0 0 0 0 0 0 0 0 0 0 0 0 0 0 0 0 0 0 0
0 0 0 0 0 0 0 0 0 0 0 0 0 0 0 0 0 0 0 0 0 0 0 0 90 215 195 90 0 0 0 0 0 0 0 0 0 0 0 0 0 0 0 0 0 0 0 0 0 0 0 0 0 0 0 0 0 0 0 0
0 0 0 0 0 0 0 0 0 0 0 0 0 0 0 0 0 0 0 0 0 0 0 90 215 215 195 90 0 0 0 0 0 0 0 0 0 0 0 0 0 0 0 0 0 0 0 0 0 0 0 0 0 0 0 0 0 0 0 0
0 0 0 0 0 0 0 0 0 0 0 0 0 0 0 0 0 0 0 0 0 0 90 215 215 215 165 90 0 0 0 0 0 0 0 0 0 0 0 0 0 0 0 0 0 0 0 0 0 0 0 0 0 0 0 0 0 0 0 0
0 0 0 0 0 0 0 0 0 0 90 90 90 90 90 90 90 90 0 0 0 90 215 215 215 195 165 90 0 0 0 0 0 0 0 0 0 0 0 0 0 0 0 0 0 0 0 0 0 0 0 0 0 0 0 0 0 0 0 0
0 0 0 0 0 0 0 0 0 90 215 215 215 215 215 195 195 195 90 90 90 215 215 215 215 195 165 90 90 0 0 0 0 0 0 0 0 0 0 0 0 0 0 0 0 0 0 0 0 0 0 0 0 0 0 0 0 0 0 0
0 0 0 0 0 0 0 0 0 90 215 215 215 215 215 215 215 195 195 195 195 195 215 215 195 195 90 165 205 90 0 0 0 0 0 0 0 0 0 0 0 0 0 0 0 0 0 0 0 0 0 0 0 0 0 0 0 0 0 0
0 0 0 0 0 0 0 0 90 215 215 215 50 50 90 225 215 215 215 90 90 90 90 90 195 195 195 165 165 90 0 0 0 0 0 0 0 0 0 0 0 0 0 0 0 0 0 0 0 0 0 0 0 0 0 0 0 0 0 0
0 0 0 0 0 0 0 0 90 215 215 215 50 50 90 90 215 215 215 225 225 215 215 195 90 195 195 165 205 90 0 0 0 0 0 0 0 0 0 0 0 0 0 0 0 0 0 0 0 0 0 0 0 0 0 0 0 0 0 0
0 0 0 0 0 0 0 0 90 215 215 215 50 50 90 90 215 215 215 215 215 215 215 225 90 215 195 195 90 0 0 0 0 0 0 0 0 0 0 0 0 0 0 0 0 0 0 0 0 0 0 0 0 0 0 0 0 0 0 0
0 0 0 0 0 0 0 0 90 225 215 215 215 215 215 215 215 215 215 215 215 215 90 90 90 215 195 195 90 0 0 0 0 0 0 0 0 0 0 0 0 0 0 0 0 0 0 0 0 0 0 0 0 0 0 0 0 0 0 0
0 0 0 0 0 0 0 0 90 225 215 215 215 215 215 215 215 215 165 205 225 225 225 215 215 215 90 90 90 0 0 0 0 0 0 0 0 0 0 0 0 0 0 0 0 0 0 0 0 0 0 0 0 0 0 0 0 0 0 0
0 0 0 0 0 0 0 0 90 225 215 215 50 50 90 90 215 215 90 205 90 225 90 225 215 215 90 165 90 90 0 0 0 0 0 0 0 0 0 0 0 0 0 0 0 0 0 0 0 0 0 0 0 0 0 0 0 0 0 0
0 0 0 0 0 0 0 0 90 225 225 215 50 50 90 90 215 215 90 205 90 205 90 225 215 215 195 195 165 90 0 0 0 0 0 0 0 0 0 0 0 0 0 0 0 0 0 0 0 0 0 0 0 0 0 0 0 0 0 0
0 0 0 0 0 0 0 0 0 90 225 215 215 215 215 215 215 215 90 205 90 205 90 205 90 215 195 195 165 90 0 0 0 0 0 0 0 0 0 0 0 0 0 0 0 0 0 0 0 0 0 0 0 0 0 0 0 0 0 0
0 0 0 0 0 0 0 0 0 0 90 90 90 90 215 215 215 215 90 90 90 90 90 90 90 90 215 195 225 90 0 0 0 0 0 0 0 0 0 0 0 0 0 0 0 0 0 0 0 0 0 0 0 0 0 0 0 0 0 0
0 0 0 0 0 0 0 0 0 0 0 0 0 0 90 215 215 215 90 0 0 0 0 0 0 0 90 90 90 90 0 0 0 0 0 0 0 0 0 0 0 0 0 0 0 0 0 0 0 0 0 0 0 0 0 0 0 0 0 0
0 0 0 0 0 0 0 0 0 0 0 0 0 0 0 90 90 90 0 0 0 0 0 0 0 0 0 0 0 0 0 0 0 0 0 0 0 0 0 0 0 0 0 0 0 0 0 0 0 0 0 0 0 0 0 0 0 0 0 0
