0 0 0 0 0 0 0 0 0 0 0 0 0 0 0 0 0 0 0 0 0 0 0 0 0 120 120 0 0 0 0 0 0 0 0 0 0 0 0 0 0 0 0 0 0 0 0 0 0 0 0 0 0 0 0 120 120 0 0 0
0 0 0 0 0 0 0 0 0 0 0 0 0 0 0 0 0 0 0 0 0 0 0 0 120 215 120 0 0 0 0 0 0 0 0 0 0 0 0 0 0 0 0 0 0 0 0 0 0 0 0 0 0 0 120 215 120 0 0 0
0 0 0 0 0 0 0 0 0 0 0 0 0 0 0 0 0 0 0 0 0 0 0 0 120 215 195 120 0 0 0 0 0 0 0 0 0 0 0 0 0 0 0 0 0 0 0 0 0 0 0 0 0 0 120 215 195 120 0 0
0 0 0 0 0 0 0 0 0 0 0 0 0 0 0 0 0 0 0 0 0 0 0 0 120 215 195 120 0 0 0 0 0 0 0 0 0 0 0 0 0 0 0 0 0 0 0 0 0 0 0 0 0 0 120 215 195 120 0 0
0 0 0 0 0 0 0 0 0 0 0 0 0 0 0 0 0 0 0 0 0 0 0 120 215 215 195 120 0 0 0 0 0 0 0 0 0 0 0 0 0 0 0 0 0 0 0 0 0 0 0 0 0 120 215 215 195 120 0 0
0 0 0 0 0 0 0 0 0 0 0 0 0 0 0 0 0 0 0 0 0 0 120 215 215 215 195 120 0 0 0 0 0 0 0 0 0 0 0 0 0 0 0 0 0 0 0 0 0 0 0 0 120 215 215 215 195 120 0 0
0 0 0 0 0 0 0 0 0 0 120 120 120 120 120 120 120 120 0 0 0 120 215 215 215 215 165 120 0 0 0 0 0 0 0 0 0 0 0 0 120 120 120 120 120 120 120 120 0 0 0 120 215 215 215 215 165 120 0 0
0 0 0 0 0 0 0 0 0 120 215 215 215 215 215 195 195 195 120 120 120 215 215 215 215 195 165 120 0 0 0 0 0 0 0 0 0 0 0 120 215 215 215 215 215 195 195 195 120 120 120 215 215 215 215 195 165 120 0 0
0 0 0 0 0 0 0 0 0 120 215 215 215 215 215 215 215 195 195 195 195 195 215 215 195 195 120 120 120 120 0 0 0 0 0 0 0 0 0 120 215 215 215 215 215 215 215 195 195 195 195 195 215 215 195 195 120 120 120 120
0 0 0 0 0 0 0 0 120 215 215 215 80 80 120 225 215 215 215 120 120 120 120 120 120 195 195 195 205 120 0 0 0 0 0 0 0 0 120 215 215 215 215 80 80 225 215 215 215 120 120 120 120 120 120 195 195 195 205 120
0 0 0 0 0 0 0 0 120 215 215 215 80 80 120 120 215 215 215 225 225 215 215 195 120 195 215 195 165 120 0 0 0 0 0 0 0 0 120 215 215 215 215 80 80 120 215 215 215 225 225 215 215 215 120 195 215 195 165 120
0 0 0 0 0 0 0 0 120 215 215 215 80 80 120 120 215 215 215 215 215 215 215 225 120 215 215 195 225 120 0 0 0 0 0 0 0 0 120 215 215 215 215 80 80 120 215 215 215 215 215 215 215 225 120 215 215 195 225 120
0 0 0 0 0 0 0 0 120 225 215 215 215 215 215 215 215 215 215 215 215 215 120 120 195 215 215 165 120 0 0 0 0 0 0 0 0 0 120 225 215 215 215 215 215 215 215 215 215 215 215 215 120 120 195 215 215 165 120 0
0 0 0 0 0 0 0 0 120 225 215 215 215 215 215 215 215 215 165 205 225 225 225 215 215 215 120 120 120 120 0 0 0 0 0 0 0 0 120 225 215 215 215 215 215 215 215 215 165 205 225 225 225 215 215 215 120 120 120 120
0 0 0 0 0 0 0 0 120 225 215 215 80 80 120 120 215 215 120 205 120 225 120 225 215 215 120 165 165 120 0 0 0 0 0 0 0 0 120 225 215 215 215 80 80 120 215 215 120 205 120 225 120 225 215 215 120 165 165 120
0 0 0 0 0 0 0 0 120 225 225 215 80 80 120 120 215 215 120 205 120 205 120 225 215 215 195 195 165 120 0 0 0 0 0 0 0 0 120 225 225 215 215 80 80 120 215 215 120 205 120 205 120 225 215 215 195 195 165 120
0 0 0 0 0 0 0 0 0 120 225 215 215 215 215 215 215 215 120 205 120 205 120 205 120 215 195 195 205 120 0 0 0 0 0 0 0 0 0 120 225 215 215 215 215 215 215 215 120 205 120 205 120 205 120 215 195 195 205 120
0 0 0 0 0 0 0 0 0 0 120 120 120 120 215 215 215 215 120 120 120 120 120 120 120 120 120 120 120 0 0 0 0 0 0 0 0 0 0 0 120 120 120 120 215 215 215 215 120 120 120 120 120 120 120 120 120 120 120 0
0 0 0 0 0 0 0 0 0 0 0 0 0 0 120 215 215 215 120 0 0 0 0 0 0 0 0 0 0 0 0 0 0 0 0 0 0 0 0 0 0 0 0 0 120 215 215 215 120 0 0 0 0 0 0 0 0 0 0 0
0 0 0 0 0 0 0 0 0 0 0 0 0 0 0 120 120 120 0 0 0 0 0 0 0 0 0 0 0 0 0 0 0 0 0 0 0 0 0 0 0 0 0 0 0 120 120 120 0 0 0 0 0 0 0 0 0 0 0 0
0 0 0 0 0 0 0 0 0 0 0 0 0 0 0 0 0 0 0 0 0 0 0 120 120 0 0 0 0 0 0 0 0 0 0 0 0 0 0 0 0 0 0 0 0 0 0 0 0 0 0 0 0 0 0 120 120 0 0 0
0 0 0 0 0 0 0 0 0 0 0 0 0 0 0 0 0 0 0 0 0 0 0 120 215 120 0 0 0 0 0 0 0 0 0 0 0 0 0 0 0 0 0 0 0 0 0 0 0 0 0 0 0 0 120 215 120 0 0 0
0 0 0 0 0 0 0 0 0 0 0 0 0 0 0 0 0 0 0 0 0 0 120 215 215 120 0 0 0 0 0 0 0 0 0 0 0 0 0 0 0 0 0 0 0 0 0 0 0 0 0 0 0 0 120 215 195 120 0 0
0 0 0 0 0 0 0 0 0 0 0 0 0 0 0 0 0 0 0 0 0 0 120 215 215 120 0 0 0 0 0 0 0 0 0 0 0 0 0 0 0 0 0 0 0 0 0 0 0 0 0 0 0 0 120 215 195 120 0 0
0 0 0 0 0 0 0 0 0 0 0 0 0 0 0 0 0 0 0 0 0 0 120 215 215 195 120 0 0 0 0 0 0 0 0 0 0 0 0 0 0 0 0 0 0 0 0 0 0 0 0 0 0 120 215 215 195 120 0 0
0 0 0 0 0 0 0 0 0 0 0 0 0 0 0 0 0 0 0 0 0 120 215 215 215 195 120 0 0 0 0 0 0 0 0 0 0 0 0 0 0 0 0 0 0 0 0 0 0 0 0 0 120 215 215 215 195 120 0 0
0 0 0 0 0 0 0 0 0 0 120 120 120 120 120 120 120 120 0 0 120 195 195 215 215 165 120 120 120 0 0 0 0 0 0 0 0 0 0 0 120 120 120 120 120 120 120 120 0 0 0 120 215 215 215 215 165 120 0 0
0 0 0 0 0 0 0 0 0 120 215 215 215 215 215 195 195 195 120 120 195 195 120 120 195 165 120 195 205 120 0 0 0 0 0 0 0 0 0 120 215 215 215 215 215 195 195 195 120 120 120 215 215 215 215 195 165 120 0 0
0 0 0 0 0 0 0 0 0 120 215 215 215 215 215 215 215 195 195 195 120 120 215 225 120 195 195 195 195 120 0 0 0 0 0 0 0 0 0 120 215 215 215 215 225 215 215 195 195 195 195 195 215 215 195 195 120 120 120 120
0 0 0 0 0 0 0 0 120 215 215 215 80 80 120 225 215 215 215 120 225 215 215 195 120 215 215 195 195 120 0 0 0 0 0 0 0 0 120 215 215 215 215 215 80 215 215 215 215 120 120 120 120 120 120 195 195 195 205 120
0 0 0 0 0 0 0 0 120 215 215 215 80 80 120 120 215 215 215 225 215 215 215 120 120 215 215 195 120 0 0 0 0 0 0 0 0 0 120 215 215 215 215 215 80 215 215 215 215 225 225 215 215 215 120 195 215 195 165 120
0 0 0 0 0 0 0 0 120 215 215 215 80 80 120 120 215 215 215 225 215 215 120 195 215 215 215 165 120 0 0 0 0 0 0 0 0 0 120 215 215 215 215 215 80 215 215 215 215 215 215 215 215 225 120 215 215 195 225 120
0 0 0 0 0 0 0 0 120 225 215 215 215 215 215 215 215 215 215 215 215 215 215 215 215 215 120 120 120 0 0 0 0 0 0 0 0 0 120 225 215 215 215 215 215 215 215 215 215 215 215 215 120 120 195 215 215 165 120 0
0 0 0 0 0 0 0 0 120 225 215 215 215 215 215 215 215 215 165 205 225 225 225 215 215 215 120 165 120 0 0 0 0 0 0 0 0 0 120 225 215 215 215 215 215 215 215 215 165 205 225 225 225 215 215 215 120 120 120 120
0 0 0 0 0 0 0 0 120 225 215 215 80 80 120 120 215 215 120 205 120 225 120 225 215 215 195 165 165 120 0 0 0 0 0 0 0 0 120 225 215 215 215 215 80 215 215 215 120 205 120 225 120 225 215 215 120 165 165 120
0 0 0 0 0 0 0 0 120 225 225 215 80 80 120 120 215 215 120 205 120 205 120 225 215 215 195 195 205 120 0 0 0 0 0 0 0 0 120 225 225 215 215 215 80 215 215 215 120 205 120 205 120 225 215 215 195 195 165 120
0 0 0 0 0 0 0 0 0 120 225 215 215 215 215 215 215 215 120 205 120 205 120 205 120 215 215 195 165 120 0 0 0 0 0 0 0 0 0 120 225 215 215 215 80 215 215 215 120 205 120 205 120 205 120 215 195 195 205 120
0 0 0 0 0 0 0 0 0 0 120 120 120 120 215 215 215 215 120 120 120 120 120 120 120 215 215 195 225 120 0 0 0 0 0 0 0 0 0 0 120 120 120 120 215 215 215 215 120 120 120 120 120 120 120 120 120 120 120 0
0 0 0 0 0 0 0 0 0 0 0 0 0 0 120 215 215 215 120 0 0 0 0 0 0 120 120 120 120 0 0 0 0 0 0 0 0 0 0 0 0 0 0 0 120 215 215 215 120 0 0 0 0 0 0 0 0 0 0 0
0 0 0 0 0 0 0 0 0 0 0 0 0 0 0 120 120 120 0 0 0 0 0 0 0 0 0 0 0 0 0 0 0 0 0 0 0 0 0 0 0 0 0 0 0 120 120 120 0 0 0 0 0 0 0 0 0 0 0 0
0 0 0 0 0 0 0 0 0 0 0 0 0 0 0 0 0 0 0 0 0 0 0 0 0 120 120 0 0 0 0 0 0 0 0 0 0 0 0 0 0 0 0 0 0 0 0 0 0 0 0 0 0 0 0 0 0 0 0 0
0 0 0 0 0 0 0 0 0 0 0 0 0 0 0 0 0 0 0 0 0 0 0 0 120 215 120 0 0 0 0 0 0 0 0 0 0 0 0 0 0 0 0 0 0 0 0 0 0 0 0 0 0 0 0 0 0 0 0 0
0 0 0 0 0 0 0 0 0 0 0 0 0 0 0 0 0 0 0 0 0 0 0 0 120 215 195 120 0 0 0 0 0 0 0 0 0 0 0 0 0 0 0 0 0 0 0 0 0 0 0 0 0 0 0 0 0 0 0 0
0 0 0 0 0 0 0 0 0 0 0 0 0 0 0 0 0 0 0 0 0 0 0 0 120 215 195 120 0 0 0 0 0 0 0 0 0 0 0 0 0 0 0 0 0 0 0 0 0 0 0 0 0 0 0 0 0 0 0 0
0 0 0 0 0 0 0 0 0 0 0 0 0 0 0 0 0 0 0 0 0 0 0 120 215 215 195 120 0 0 0 0 0 0 0 0 0 0 0 0 0 0 0 0 0 0 0 0 0 0 0 0 0 0 0 0 0 0 0 0
0 0 0 0 0 0 0 0 0 0 0 0 0 0 0 0 0 0 0 0 0 0 120 215 215 215 195 120 0 0 0 0 0 0 0 0 0 0 0 0 0 0 0 0 0 0 0 0 0 0 0 0 0 0 0 0 0 0 0 0
0 0 0 0 0 0 0 0 0 0 120 120 120 120 120 120 120 120 0 0 0 120 215 215 215 215 165 120 0 0 0 0 0 0 0 0 0 0 0 0 0 0 0 0 0 0 0 0 0 0 0 0 0 0 0 0 0 0 0 0
0 0 0 0 0 0 0 0 0 120 215 215 215 215 215 195 195 195 120 120 120 195 215 215 215 195 165 120 0 0 0 0 0 0 0 0 0 0 0 0 0 0 0 0 0 0 0 0 0 0 0 0 0 0 0 0 0 0 0 0
0 0 0 0 0 0 0 0 0 120 215 215 215 215 215 215 215 195 195 195 195 195 195 195 195 195 120 120 0 0 0 0 0 0 0 0 0 0 0 0 0 0 0 0 0 0 0 0 0 0 0 0 0 0 0 0 0 0 0 0
0 0 0 0 0 0 0 0 120 215 215 215 80 80 120 225 215 215 215 120 120 120 120 120 120 195 195 120 120 0 0 0 0 0 0 0 0 0 0 0 0 0 0 0 0 0 0 0 0 0 0 0 0 0 0 0 0 0 0 0
0 0 0 0 0 0 0 0 120 215 215 215 80 80 120 120 215 215 215 225 225 215 215 215 120 195 195 195 120 0 0 0 0 0 0 0 0 0 0 0 0 0 0 0 0 0 0 0 0 0 0 0 0 0 0 0 0 0 0 0
0 0 0 0 0 0 0 0 120 215 215 215 80 80 120 120 215 215 215 215 215 215 215 225 120 215 195 195 225 120 0 0 0 0 0 0 0 0 0 0 0 0 0 0 0 0 0 0 0 0 0 0 0 0 0 0 0 0 0 0
0 0 0 0 0 0 0 0 120 225 215 215 215 215 215 215 215 215 215 215 215 215 120 120 215 215 195 195 165 120 0 0 0 0 0 0 0 0 0 0 0 0 0 0 0 0 0 0 0 0 0 0 0 0 0 0 0 0 0 0
0 0 0 0 0 0 0 0 120 225 215 215 215 215 215 215 215 215 165 205 225 225 225 215 215 215 195 165 225 120 0 0 0 0 0 0 0 0 0 0 0 0 0 0 0 0 0 0 0 0 0 0 0 0 0 0 0 0 0 0
0 0 0 0 0 0 0 0 120 225 215 215 80 80 120 120 215 215 120 205 120 225 120 225 215 215 120 120 120 120 0 0 0 0 0 0 0 0 0 0 0 0 0 0 0 0 0 0 0 0 0 0 0 0 0 0 0 0 0 0
0 0 0 0 0 0 0 0 120 225 225 215 80 80 120 120 215 215 120 205 120 205 120 225 215 215 120 165 205 120 0 0 0 0 0 0 0 0 0 0 0 0 0 0 0 0 0 0 0 0 0 0 0 0 0 0 0 0 0 0
0 0 0 0 0 0 0 0 0 120 225 215 215 215 215 215 215 215 120 205 120 205 120 205 120 215 195 195 120 0 0 0 0 0 0 0 0 0 0 0 0 0 0 0 0 0 0 0 0 0 0 0 0 0 0 0 0 0 0 0
0 0 0 0 0 0 0 0 0 0 120 120 120 120 215 215 215 215 120 120 120 120 120 120 120 120 120 120 0 0 0 0 0 0 0 0 0 0 0 0 0 0 0 0 0 0 0 0 0 0 0 0 0 0 0 0 0 0 0 0
0 0 0 0 0 0 0 0 0 0 0 0 0 0 120 215 215 215 120 0 0 0 0 0 0 0 0 0 0 0 0 0 0 0 0 0 0 0 0 0 0 0 0 0 0 0 0 0 0 0 0 0 0 0 0 0 0 0 0 0
0 0 0 0 0 0 0 0 0 0 0 0 0 0 0 120 120 120 0 0 0 0 0 0 0 0 0 0 0 0 0 0 0 0 0 0 0 0 0 0 0 0 0 0 0 0 0 0 0 0 0 0 0 0 0 0 0 0 0 0
0 0 0 0 0 0 0 0 0 0 0 0 0 0 0 0 0 0 0 0 0 0 0 0 0 120 120 0 0 0 0 0 0 0 0 0 0 0 0 0 0 0 0 0 0 0 0 0 0 0 0 0 0 0 0 0 0 0 0 0
0 0 0 0 0 0 0 0 0 0 0 0 0 0 0 0 0 0 0 0 0 0 0 0 120 215 120 0 0 0 0 0 0 0 0 0 0 0 0 0 0 0 0 0 0 0 0 0 0 0 0 0 0 0 0 0 0 0 0 0
0 0 0 0 0 0 0 0 0 0 0 0 0 0 0 0 0 0 0 0 0 0 0 0 120 215 195 120 0 0 0 0 0 0 0 0 0 0 0 0 0 0 0 0 0 0 0 0 0 0 0 0 0 0 0 0 0 0 0 0
0 0 0 0 0 0 0 0 0 0 0 0 0 0 0 0 0 0 0 0 0 0 0 0 120 215 195 120 0 0 0 0 0 0 0 0 0 0 0 0 0 0 0 0 0 0 0 0 0 0 0 0 0 0 0 0 0 0 0 0
0 0 0 0 0 0 0 0 0 0 0 0 0 0 0 0 0 0 0 0 0 0 0 120 215 215 195 120 0 0 0 0 0 0 0 0 0 0 0 0 0 0 0 0 0 0 0 0 0 0 0 0 0 0 0 0 0 0 0 0
0 0 0 0 0 0 0 0 0 0 0 0 0 0 0 0 0 0 0 0 0 0 120 215 215 215 165 120 0 0 0 0 0 0 0 0 0 0 0 0 0 0 0 0 0 0 0 0 0 0 0 0 0 0 0 0 0 0 0 0
0 0 0 0 0 0 0 0 0 0 120 120 120 120 120 120 120 120 0 0 0 120 215 215 215 195 165 120 0 0 0 0 0 0 0 0 0 0 0 0 0 0 0 0 0 0 0 0 0 0 0 0 0 0 0 0 0 0 0 0
0 0 0 0 0 0 0 0 0 120 215 215 215 215 215 195 195 195 120 120 120 215 215 215 215 195 165 120 120 0 0 0 0 0 0 0 0 0 0 0 0 0 0 0 0 0 0 0 0 0 0 0 0 0 0 0 0 0 0 0
0 0 0 0 0 0 0 0 0 120 215 215 215 215 215 215 215 195 195 195 195 195 215 215 195 195 120 165 205 120 0 0 0 0 0 0 0 0 0 0 0 0 0 0 0 0 0 0 0 0 0 0 0 0 0 0 0 0 0 0
0 0 0 0 0 0 0 0 120 215 215 215 80 80 120 225 215 215 215 120 120 120 120 120 195 195 195 165 165 120 0 0 0 0 0 0 0 0 0 0 0 0 0 0 0 0 0 0 0 0 0 0 0 0 0 0 0 0 0 0
0 0 0 0 0 0 0 0 120 215 215 215 80 80 120 120 215 215 215 225 225 215 215 195 120 195 195 165 205 120 0 0 0 0 0 0 0 0 0 0 0 0 0 0 0 0 0 0 0 0 0 0 0 0 0 0 0 0 0 0
0 0 0 0 0 0 0 0 120 215 215 215 80 80 120 120 215 215 215 215 215 215 215 225 120 215 195 195 120 0 0 0 0 0 0 0 0 0 0 0 0 0 0 0 0 0 0 0 0 0 0 0 0 0 0 0 0 0 0 0
0 0 0 0 0 0 0 0 120 225 215 215 215 215 215 215 215 215 215 215 215 215 120 120 120 215 195 195 120 0 0 0 0 0 0 0 0 0 0 0 0 0 0 0 0 0 0 0 0 0 0 0 0 0 0 0 0 0 0 0
0 0 0 0 0 0 0 0 120 225 215 215 215 215 215 215 215 215 165 205 225 225 225 215 215 215 120 120 120 0 0 0 0 0 0 0 0 0 0 0 0 0 0 0 0 0 0 0 0 0 0 0 0 0 0 0 0 0 0 0
0 0 0 0 0 0 0 0 120 225 215 215 80 80 120 120 215 215 120 205 120 225 120 225 215 215 120 165 120 120 0 0 0 0 0 0 0 0 0 0 0 0 0 0 0 0 0 0 0 0 0 0 0 0 0 0 0 0 0 0
0 0 0 0 0 0 0 0 120 225 225 215 80 80 120 120 215 215 120 205 120 205 120 225 215 215 195 195 165 120 0 0 0 0 0 0 0 0 0 0 0 0 0 0 0 0 0 0 0 0 0 0 0 0 0 0 0 0 0 0
0 0 0 0 0 0 0 0 0 120 225 215 215 215 215 215 215 215 120 205 120 205 120 205 120 215 195 195 165 120 0 0 0 0 0 0 0 0 0 0 0 0 0 0 0 0 0 0 0 0 0 0 0 0 0 0 0 0 0 0
0 0 0 0 0 0 0 0 0 0 120 120 120 120 215 215 215 215 120 120 120 120 120 120 120 120 215 195 225 120 0 0 0 0 0 0 0 0 0 0 0 0 0 0 0 0 0 0 0 0 0 0 0 0 0 0 0 0 0 0
0 0 0 0 0 0 0 0 0 0 0 0 0 0 120 215 215 215 120 0 0 0 0 0 0 0 120 120 120 120 0 0 0 0 0 0 0 0 0 0 0 0 0 0 0 0 0 0 0 0 0 0 0 0 0 0 0 0 0 0
0 0 0 0 0 0 0 0 0 0 0 0 0 0 0 120 120 120 0 0 0 0 0 0 0 0 0 0 0 0 0 0 0 0 0 0 0 0 0 0 0 0 0 0 0 0 0 0 0 0 0 0 0 0 0 0 0 0 0 0
